# R script for Peak Model
#  -- generated by MACS
p <- c(0.038533297674867587,0.04557531716781053,0.05143047944284175,0.05657352738712592,0.06219131821857479,0.06108358481519051,0.060450594298970914,0.059975851411806225,0.060292346669916015,0.059975851411806225,0.05918461326653173,0.05681089883070827,0.05601966068543378,0.05712739408881806,0.056336155943543575,0.05625703212901613,0.05435806058035735,0.05507017491110439,0.0547536796529946,0.054595432023939704,0.054595432023939704,0.055465793983741636,0.0547536796529946,0.0547536796529946,0.05554491779826909,0.055149298725631846,0.05586141305637888,0.05570316542732399,0.055782289241851434,0.054595432023939704,0.05570316542732399,0.05681089883070827,0.057364765532400414,0.05641527975807102,0.05681089883070827,0.057681260790510204,0.05799775604862,0.05760213697598276,0.05744388934692786,0.057681260790510204,0.05594053687090633,0.055782289241851434,0.05657352738712592,0.058393375121257245,0.05776038460503766,0.05657352738712592,0.056494403572598474,0.05641527975807102,0.05609878449996123,0.05689002264523572,0.05870987037936704,0.05760213697598276,0.057918632234092556,0.05625703212901613,0.057206517903345515,0.0581560036776749,0.05728564171787296,0.05744388934692786,0.057918632234092556,0.057918632234092556,0.05696914645976316,0.05728564171787296,0.05712739408881806,0.05570316542732399,0.054911927282049494,0.05380419387866521,0.056336155943543575,0.057048270274290616,0.05728564171787296,0.057918632234092556,0.05863074656483959,0.05894724182294939,0.05878899419389449,0.060687965742553265,0.06037147048444347,0.059263737081059184,0.0583142513067298,0.0583142513067298,0.05799775604862,0.05641527975807102,0.05554491779826909,0.055149298725631846,0.05388331769319266,0.053566822435082866,0.05522842254015929,0.05689002264523572,0.05554491779826909,0.05388331769319266,0.05332945099150052,0.05396244150772011,0.054278936765829906,0.05412068913677501,0.054911927282049494,0.055307546354686744,0.05467455583846715,0.055307546354686744,0.05617790831448868,0.057681260790510204,0.05902636563747684,0.05965935615369643,0.05878899419389449,0.05942198471011408,0.06005497522633367,0.06005497522633367,0.060292346669916015,0.06005497522633367,0.05878899419389449,0.05886811800842194,0.0584724989357847,0.05886811800842194,0.06013409904086112,0.060450594298970914,0.06084621337160816,0.06179569914593755,0.061874822960464995,0.06266606110573948,0.0644859088398708,0.06409028976723356,0.0648024040979806,0.06369467069459632,0.06385291832365121,0.06227044203310224,0.06211219440404734,0.06092533718613561,0.060687965742553265,0.05934286089558663,0.058393375121257245,0.058235127492202346,0.05712739408881806,0.058235127492202346,0.05696914645976316,0.05855162275031214,0.058393375121257245,0.05863074656483959,0.05696914645976316,0.057048270274290616,0.057364765532400414,0.05728564171787296,0.057918632234092556,0.05673177501618082,0.05696914645976316,0.05665265120165337,0.05586141305637888,0.05467455583846715,0.05609878449996123,0.055149298725631846,0.0547536796529946,0.05522842254015929,0.05483280346752205,0.05570316542732399,0.05601966068543378,0.055465793983741636,0.05625703212901613,0.057364765532400414,0.05673177501618082,0.05776038460503766,0.059263737081059184,0.0584724989357847,0.05934286089558663,0.05958023233916898,0.05950110852464153,0.060292346669916015,0.06076708955708071,0.06013409904086112,0.060450594298970914,0.06124183244424541,0.060450594298970914,0.06147920388782775,0.06258693729121204,0.06234956584762969,0.06424853739628845,0.06488152791250805,0.06337817543648652,0.0644859088398708,0.06353642306554141,0.06393204213817867,0.0644859088398708,0.06424853739628845,0.06227044203310224,0.06163745151688265,0.05918461326653173,0.05870987037936704,0.059817603782751326,0.06060884192802581,0.06250781347668459,0.062033070589519894,0.06258693729121204,0.06329905162195908,0.0646441564689257,0.0649606517270355,0.06670137564663937,0.06638488038852958,0.06559364224325509,0.06361554688006887,0.06314080399290417,0.06298255636384928,0.06179569914593755,0.06147920388782775,0.060687965742553265,0.061162708629717955,0.059975851411806225,0.05934286089558663,0.06060884192802581,0.06163745151688265,0.062033070589519894,0.06108358481519051,0.05973847996822387,0.05958023233916898,0.060450594298970914,0.06052971811349837,0.06195394677499244,0.06290343254932183,0.06298255636384928,0.06337817543648652,0.0615583277023552,0.061716575331410096,0.06298255636384928,0.06345729925101397,0.06266606110573948,0.06132095625877285,0.062033070589519894,0.06377379450912377,0.06234956584762969,0.06084621337160816,0.06211219440404734,0.06234956584762969,0.06250781347668459,0.06227044203310224,0.06321992780743163,0.06329905162195908,0.06163745151688265,0.05965935615369643,0.06060884192802581,0.06147920388782775,0.0615583277023552,0.06250781347668459,0.06274518492026693,0.06234956584762969,0.06163745151688265,0.06163745151688265,0.06108358481519051,0.06234956584762969,0.06266606110573948,0.06290343254932183,0.06227044203310224,0.06179569914593755,0.061716575331410096,0.062033070589519894,0.06132095625877285,0.061874822960464995,0.06274518492026693,0.06092533718613561,0.060450594298970914,0.06060884192802581,0.06147920388782775,0.06132095625877285,0.061004461000663056,0.06132095625877285,0.06242868966215714,0.06337817543648652,0.06369467069459632,0.06416941358176101,0.0644859088398708,0.06519802317061785,0.06527714698514529,0.06685962327569427,0.06693874709022173,0.06646400420305702,0.06622663275947469,0.06670137564663937,0.06678049946116682,0.06606838513041978,0.06646400420305702,0.06591013750136489,0.06614750894494724,0.06488152791250805,0.06614750894494724,0.06717611853380406,0.0675717376064413,0.06622663275947469,0.06701787090474917,0.0675717376064413,0.06772998523549621,0.06828385193718835,0.06907509008246283,0.0685212233807707,0.06717611853380406,0.0682047281226609,0.06804648049360601,0.0682047281226609,0.06638488038852958,0.06772998523549621,0.06867947100982559,0.06899596626793539,0.0682047281226609,0.06867947100982559,0.06923333771151774,0.06891684245340794,0.0675717376064413,0.06954983296962754,0.0712905568892314,0.07113230926017651,0.07089493781659416,0.07057844255848436,0.07216091884903335,0.07279390936525293,0.07508849998654896,0.07453463328485681,0.07722484297879006,0.07801608112406457,0.07849082401122925,0.08094366226158016,0.08141840514874486,0.08157665277779975,0.08062716700347038,0.0821305194794919,0.08086453844705271,0.08094366226158016,0.0816557765923272,0.08031067174536058,0.08102278607610762,0.08118103370516251,0.08062716700347038,0.08126015751968996,0.08252613855212915,0.08284263381023894,0.08592846257680944,0.08711531979472117,0.08814392938357801,0.08846042464168781,0.08917253897243485,0.08751093886735842,0.08846042464168781,0.08885604371432505,0.08909341515790739,0.08901429134337994,0.08790655793999566,0.08735269123830353,0.08569109113322709,0.08671970072208393,0.08743181505283097,0.08909341515790739,0.092020996295423,0.09328697732786219,0.09368259640049943,0.09225836773900535,0.09067589144845638,0.09154625340825831,0.09297048206975239,0.09399909165860923,0.09415733928766412,0.09368259640049943,0.09091326289203872,0.09091326289203872,0.09210012010995046,0.09336610114238963,0.09471120598935627,0.09463208217482881,0.09463208217482881,0.09376172021502688,0.09225836773900535,0.09138800577920342,0.09115063433562107,0.08964728185959954,0.0883021770126329,0.08838130082716036,0.08853954845621526,0.08838130082716036,0.08719444360924862,0.08695707216566628,0.08711531979472117,0.08917253897243485,0.09004290093223678,0.09083413907751127,0.09115063433562107,0.0923374915535328,0.0921792439244779,0.0926539868116426,0.09376172021502688,0.09399909165860923,0.09550244413463076,0.09486945361841116,0.09384084402955432,0.09360347258597199,0.09391996784408177,0.09194187248089555,0.09162537722278576,0.09043852000487403,0.09067589144845638,0.09130888196467596,0.08948903423054463,0.09051764381940147,0.09138800577920342,0.09154625340825831,0.09075501526298382,