# R script for Peak Model
#  -- generated by MACS
p <- c(0.03503709526648155,0.04212711650901121,0.049492478382318725,0.05596298320559823,0.0622958177134888,0.062364652871183264,0.062158147398099876,0.06298416929043343,0.06470504823279499,0.06587524591360086,0.06436087244432269,0.06401669665585037,0.0628464989750445,0.06202047708271095,0.0617451364519331,0.062226982555794334,0.06319067476351682,0.06325950992121128,0.060712609086516156,0.05961124656340475,0.060230762982654916,0.05816570825182103,0.05871638951337674,0.058785224671071196,0.0593359059326269,0.05830337856720996,0.05733968635948748,0.05706434572870963,0.058922894986460125,0.05885405982876566,0.0593359059326269,0.06085027940190508,0.06029959814034938,0.06016192782496045,0.058785224671071196,0.05912940045954351,0.05919823561723798,0.059748916878793676,0.05864755435568227,0.05802803793643211,0.05837221372490442,0.057133180886404095,0.05733968635948748,0.05816570825182103,0.058922894986460125,0.058785224671071196,0.05906056530184905,0.06016192782496045,0.061400960663460784,0.062158147398099876,0.06112562003268293,0.061676301294238636,0.06160746613654417,0.06133212550576632,0.06202047708271095,0.06160746613654417,0.06195164192501649,0.06078144424421062,0.06029959814034938,0.060230762982654916,0.059886587194182606,0.06085027940190508,0.061194455190377396,0.060712609086516156,0.05961124656340475,0.059404741090321365,0.058441048882598885,0.057959202778737645,0.05802803793643211,0.05706434572870963,0.05754619183257087,0.056375994151765,0.05554997225943145,0.055687642574820374,0.05554997225943145,0.05589414804790376,0.05548113710173699,0.0552746316286536,0.05499929099787575,0.05603181836329269,0.05548113710173699,0.05554997225943145,0.055205796470959134,0.05554997225943145,0.05644482930945947,0.05610065352098715,0.056995510571015165,0.05727085120179302,0.05706434572870963,0.05672016994023732,0.05775269730565426,0.057615026990265335,0.05906056530184905,0.0593359059326269,0.058785224671071196,0.05981775203648814,0.059748916878793676,0.06064377392882169,0.06002425750957153,0.06016192782496045,0.05954241140571029,0.060437268455738304,0.05850988404029335,0.05775269730565426,0.0582345434095155,0.05837221372490442,0.05871638951337674,0.05871638951337674,0.06064377392882169,0.061194455190377396,0.06160746613654417,0.06098794971729401,0.06202047708271095,0.0628464989750445,0.06277766381735003,0.06291533413273896,0.06305300444812789,0.06339718023660021,0.062226982555794334,0.06078144424421062,0.06208931224040541,0.06208931224040541,0.06312183960582235,0.0636036857096836,0.06367252086737805,0.06429203728662822,0.06339718023660021,0.06291533413273896,0.06291533413273896,0.06367252086737805,0.06270882865965557,0.06263999350196112,0.06195164192501649,0.06195164192501649,0.061400960663460784,0.06016192782496045,0.05981775203648814,0.05961124656340475,0.060437268455738304,0.060919114559599544,0.059955422351877063,0.06029959814034938,0.0593359059326269,0.05885405982876566,0.06002425750957153,0.06126329034807186,0.06160746613654417,0.061194455190377396,0.06029959814034938,0.060437268455738304,0.060230762982654916,0.061194455190377396,0.06202047708271095,0.06098794971729401,0.060368433298043846,0.05968008172109922,0.05981775203648814,0.060919114559599544,0.06057493877112723,0.06029959814034938,0.060712609086516156,0.05871638951337674,0.05837221372490442,0.058441048882598885,0.05754619183257087,0.05678900509793178,0.056995510571015165,0.05554997225943145,0.055205796470959134,0.0552746316286536,0.054861620682486824,0.05506812615557021,0.05410443394784773,0.054655115209403436,0.05506812615557021,0.05458628005170897,0.05513696131326467,0.05610065352098715,0.05644482930945947,0.05720201604409855,0.0582345434095155,0.05850988404029335,0.05954241140571029,0.060437268455738304,0.05961124656340475,0.06078144424421062,0.06078144424421062,0.059886587194182606,0.06078144424421062,0.06064377392882169,0.059955422351877063,0.0617451364519331,0.0617451364519331,0.061194455190377396,0.06243348802887772,0.062364652871183264,0.06277766381735003,0.06422320212893376,0.06511805917896177,0.06484271854818392,0.06546223496743409,0.06470504823279499,0.06504922402126731,0.06374135602507251,0.0639478614981559,0.06436087244432269,0.0622958177134888,0.06098794971729401,0.0593359059326269,0.059267070774932436,0.05947357624801582,0.059404741090321365,0.058441048882598885,0.059886587194182606,0.05906056530184905,0.05768386214795979,0.05850988404029335,0.05850988404029335,0.05850988404029335,0.05919823561723798,0.05885405982876566,0.058922894986460125,0.05961124656340475,0.05871638951337674,0.058922894986460125,0.060712609086516156,0.060919114559599544,0.060919114559599544,0.06126329034807186,0.06029959814034938,0.059886587194182606,0.060368433298043846,0.060437268455738304,0.06057493877112723,0.061400960663460784,0.06085027940190508,0.06064377392882169,0.06085027940190508,0.06078144424421062,0.06064377392882169,0.06050610361343277,0.06016192782496045,0.060230762982654916,0.061400960663460784,0.06050610361343277,0.06160746613654417,0.0622958177134888,0.0628464989750445,0.06381019118276698,0.06484271854818392,0.06498038886357285,0.06470504823279499,0.0639478614981559,0.06298416929043343,0.06381019118276698,0.06346601539429467,0.06374135602507251,0.06332834507890574,0.06257115834426664,0.061400960663460784,0.06208931224040541,0.061882806767322024,0.06208931224040541,0.062364652871183264,0.06153863097884971,0.060230762982654916,0.06009309266726599,0.059748916878793676,0.05871638951337674,0.05850988404029335,0.05857871919798781,0.0582345434095155,0.05871638951337674,0.05912940045954351,0.05857871919798781,0.059404741090321365,0.05871638951337674,0.058785224671071196,0.059955422351877063,0.06029959814034938,0.05864755435568227,0.0593359059326269,0.05837221372490442,0.05782153246334872,0.05857871919798781,0.058441048882598885,0.05809687309412657,0.0582345434095155,0.0582345434095155,0.05906056530184905,0.06016192782496045,0.05947357624801582,0.06160746613654417,0.0622958177134888,0.06270882865965557,0.06085027940190508,0.06098794971729401,0.06146979582115525,0.062158147398099876,0.062158147398099876,0.06202047708271095,0.06325950992121128,0.061194455190377396,0.060712609086516156,0.06057493877112723,0.06367252086737805,0.06504922402126731,0.06615058654437872,0.06759612485596243,0.06766496001365689,0.06911049832524062,0.06945467411371292,0.07186390463301913,0.07255225620996375,0.07372245389076962,0.07344711325999177,0.07344711325999177,0.0722769155791859,0.07110671789838004,0.07158856400224127,0.07083137726760218,0.07083137726760218,0.07076254210990772,0.07110671789838004,0.0711755530560745,0.06993652021757417,0.07090021242529665,0.07186390463301913,0.07220808042149143,0.07200157494840805,0.07289643199843607,0.07358478357538069,0.07248342105226929,0.07241458589457482,0.07193273979071359,0.0728275968407416,0.07268992652535268,0.07344711325999177,0.07344711325999177,0.07372245389076962,0.07330944294460284,0.07461731094079764,0.07640702504085367,0.07661353051393706,0.07723304693318722,0.07737071724857615,0.07661353051393706,0.07544333283313119,0.07647586019854813,0.07757722272165954,0.07943577197941003,0.07792139851013184,0.07675120082932597,0.07737071724857615,0.07785256335243738,0.07826557429860416,0.08005528839866019,0.08184500249871622,0.08095014544868821,0.0811566509217716,0.08184500249871622,0.08267102439104977,0.0835658814410778,0.08384122207185564,0.0846672439641892,0.08611278227577292,0.08494258459496705,0.08432306817571689,0.08611278227577292,0.08611278227577292,0.08404772754493903,0.08342821112568886,0.08363471659877225,0.08349704628338334,0.08253335407566086,0.0811566509217716,0.08156966186793838,0.08212034312949408,0.08108781576407713,0.0806059696602159,0.08129432123716052,0.08088131029099374,0.08122548607946606,0.08143199155254945,0.08218917828718854,0.0833593759679944,0.08459840880649473,0.08459840880649473,0.08542443069882828,0.08583744164499506,0.08659462837963415,0.08680113385271754,0.08652579322193969,0.0870764744834954,0.08693880416810647,