# R script for Peak Model
#  -- generated by MACS
p <- c(0.036579146682378195,0.042631170950995514,0.04948419843163571,0.05589222412781875,0.06230024982400179,0.06327925374980754,0.06185524803954464,0.06212224911021893,0.06141024625508748,0.060431242329281744,0.06096524447063033,0.06327925374980754,0.06274525160845895,0.062389250180893224,0.06176624768265321,0.06256725089467609,0.06301225267913324,0.06408025696183042,0.06559326302898474,0.06692826838235622,0.06728426980992194,0.06559326302898474,0.0663052658841162,0.0663052658841162,0.06621626552722476,0.06541526231520188,0.06532626195831046,0.06666126731168193,0.06586026409965903,0.0671952694530305,0.06710626909613908,0.06657226695479049,0.0663052658841162,0.06648326659789906,0.06799627266505338,0.06986528015977345,0.0700432808735563,0.06781827195127052,0.06844127444951054,0.06755127088059623,0.06764027123748766,0.06826327373572769,0.06781827195127052,0.0688862762339677,0.06933127801842486,0.06897527659085913,0.06764027123748766,0.06826327373572769,0.06764027123748766,0.0660382648134419,0.0674622705237048,0.06666126731168193,0.06755127088059623,0.06790727230816196,0.06657226695479049,0.06559326302898474,0.06737327016681337,0.06657226695479049,0.06710626909613908,0.06915327730464199,0.06879727587707626,0.06986528015977345,0.06933127801842486,0.06808527302194482,0.06853027480640198,0.06790727230816196,0.06692826838235622,0.06737327016681337,0.06755127088059623,0.06594926445655047,0.06336825410669897,0.06327925374980754,0.06327925374980754,0.06265625125156751,0.06310125303602468,0.06399125660493898,0.06505926088763615,0.06541526231520188,0.0663052658841162,0.0671952694530305,0.06853027480640198,0.06879727587707626,0.0686192751632934,0.06897527659085913,0.06692826838235622,0.06728426980992194,0.0663052658841162,0.06577126374276761,0.06425825767561327,0.06345725446359039,0.06327925374980754,0.06149924661197891,0.06176624768265321,0.06194424839643607,0.06327925374980754,0.06141024625508748,0.06176624768265321,0.06034224197239031,0.06149924661197891,0.06114324518441319,0.06096524447063033,0.061232245541304624,0.05909623697591027,0.05980823983104172,0.0606092430430646,0.061677247325761776,0.06327925374980754,0.06425825767561327,0.064614259103179,0.06541526231520188,0.06577126374276761,0.06612726517033334,0.06977627980288201,0.0688862762339677,0.06879727587707626,0.0688862762339677,0.06817427337883625,0.06826327373572769,0.06781827195127052,0.0700432808735563,0.06995428051666487,0.07048828265801346,0.06870827552018484,0.06933127801842486,0.06968727944599058,0.07022128158733916,0.0703102819442306,0.0712002855131449,0.07191228836827636,0.06933127801842486,0.06942027837531628,0.0688862762339677,0.0688862762339677,0.06808527302194482,0.06755127088059623,0.06692826838235622,0.06621626552722476,0.0663052658841162,0.06550426267209332,0.06559326302898474,0.06390225624804756,0.06470325946007044,0.06399125660493898,0.0637242555342647,0.06336825410669897,0.06292325232224182,0.06185524803954464,0.059986240544824584,0.057939232336321665,0.0568712280536245,0.057672231265647377,0.05785023197943024,0.05909623697591027,0.0606092430430646,0.059274237689693136,0.05971923947415029,0.06096524447063033,0.06141024625508748,0.06327925374980754,0.06416925731872185,0.06434725803250471,0.06327925374980754,0.06274525160845895,0.06283425196535038,0.0631902533929161,0.06390225624804756,0.06381325589115612,0.0648812601738533,0.0648812601738533,0.06452525874628758,0.06443625838939614,0.06532626195831046,0.06479225981696186,0.0648812601738533,0.06523726160141902,0.06470325946007044,0.06577126374276761,0.06479225981696186,0.06416925731872185,0.06523726160141902,0.06639426624100762,0.06657226695479049,0.06692826838235622,0.06639426624100762,0.0674622705237048,0.06853027480640198,0.06764027123748766,0.0686192751632934,0.06826327373572769,0.0677292715943791,0.06826327373572769,0.0671952694530305,0.06737327016681337,0.0671952694530305,0.06648326659789906,0.06354625482048183,0.062389250180893224,0.060075240901716016,0.06034224197239031,0.060876244113738896,0.06132124589819605,0.062033248753327504,0.062478250537784656,0.062033248753327504,0.06185524803954464,0.06310125303602468,0.06399125660493898,0.06586026409965903,0.06568226338587618,0.06505926088763615,0.06416925731872185,0.06399125660493898,0.064614259103179,0.06514826124452759,0.06577126374276761,0.06781827195127052,0.0660382648134419,0.06550426267209332,0.06532626195831046,0.06541526231520188,0.06497026053074473,0.06541526231520188,0.06390225624804756,0.06399125660493898,0.06345725446359039,0.06212224911021893,0.06345725446359039,0.06399125660493898,0.06514826124452759,0.06532626195831046,0.06594926445655047,0.06541526231520188,0.06586026409965903,0.06541526231520188,0.06612726517033334,0.0663052658841162,0.06586026409965903,0.06577126374276761,0.06514826124452759,0.06657226695479049,0.06728426980992194,0.06826327373572769,0.06844127444951054,0.0688862762339677,0.06924227766153342,0.06959827908909914,0.07039928230112202,0.06995428051666487,0.07128928587003634,0.06995428051666487,0.06799627266505338,0.06781827195127052,0.06826327373572769,0.06835227409261911,0.06755127088059623,0.06764027123748766,0.06701726873924764,0.06781827195127052,0.06675026766857335,0.06612726517033334,0.0674622705237048,0.06755127088059623,0.06648326659789906,0.06648326659789906,0.06701726873924764,0.06737327016681337,0.0686192751632934,0.06826327373572769,0.06853027480640198,0.06959827908909914,0.06942027837531628,0.06879727587707626,0.07084428408557919,0.06968727944599058,0.06844127444951054,0.06781827195127052,0.0663052658841162,0.06586026409965903,0.0648812601738533,0.06425825767561327,0.06479225981696186,0.0648812601738533,0.06399125660493898,0.06514826124452759,0.06648326659789906,0.06568226338587618,0.06692826838235622,0.06817427337883625,0.06959827908909914,0.0700432808735563,0.06977627980288201,0.0700432808735563,0.07128928587003634,0.07200128872516778,0.07244629050962495,0.07404829693367071,0.07502730085947644,0.07511630121636788,0.07511630121636788,0.07538330228704217,0.07467129943191073,0.07538330228704217,0.07378129586299641,0.07440429836123642,0.07538330228704217,0.0752053015732593,0.07493830050258501,0.07556130300082503,0.07698530871108793,0.0774303104955451,0.07929931799026514,0.08107932512809377,0.08188032834011665,0.08259233119524809,0.08134632619876805,0.0817913279832252,0.08196932869700807,0.08259233119524809,0.08196932869700807,0.0823253301245738,0.08285933226592239,0.0800113208453966,0.07929931799026514,0.07876531584891655,0.07903231691959085,0.08018932155917945,0.08045632262985375,0.07965531941783087,0.07823131370756797,0.07876531584891655,0.07938831834715657,0.08107932512809377,0.0823253301245738,0.0809013244143109,0.08018932155917945,0.07938831834715657,0.08018932155917945,0.07956631906093943,0.07992232048850516,0.08018932155917945,0.08010032120228802,0.08072332370052804,0.08081232405741948,0.08125732584187663,0.08241433048146524,0.08268133155213953,0.08250333083835666,0.08481734011753388,0.08695334868292821,0.08588534440023105,0.08517334154509959,0.08570734368644818,0.08677534796914535,0.0874873508242768,0.08819935367940826,0.08819935367940826,0.08793235260873396,0.08819935367940826,0.08704234903981965,0.08944535867588829,0.09078036402925976,0.09051336295858546,0.0906023633154769,0.09122536581371692,0.09158136724128264,0.09345037473600269,0.09282737223776268,0.09229337009641408,0.09229337009641408,0.09078036402925976,0.089178357605214,0.08908935724832256,0.08695334868292821,0.08757635118116823,0.08668634761225393,0.08508434118820817,0.08686434832603679,0.08739835046738538,0.08828835403629968,0.08882235617764828,0.08864435546386541,0.08704234903981965,0.08926735796210543,0.08837735439319111,0.08953435903277972,0.09051336295858546,0.08882235617764828,0.0880213529656254,0.08784335225184253,0.08570734368644818,0.08641934654157964,0.08624134582779677,0.08526234190199103,0.08570734368644818,0.08392733654861956,0.08241433048146524,0.08214732941079093,0.08161332726944236,0.08161332726944236,