# R script for Peak Model
#  -- generated by MACS
p <- c(0.03320941302362481,0.0390185671035832,0.04495238114233899,0.050512215304702596,0.05582272954947143,0.05582272954947143,0.055747933574193,0.056396165359939424,0.0564210973516989,0.05659562129401525,0.0572189210880022,0.05719398909624272,0.05659562129401525,0.056645485277534206,0.05682000921985055,0.05644602934345838,0.056371233368179945,0.056695349261053164,0.05672028125281264,0.05686987320336951,0.05682000921985055,0.05691973718688847,0.05731864905504012,0.05719398909624272,0.05734358104679959,0.05814140478310289,0.058216200758381326,0.057069329137445335,0.05682000921985055,0.05649589332697734,0.05652082531873682,0.05569806959067404,0.055747933574193,0.05622164141762308,0.05584766154123091,0.055099701788446566,0.05487531386261126,0.05502490581316813,0.05465092593677596,0.05407749012630796,0.05407749012630796,0.05507476979668709,0.054451470002700134,0.053628714274637355,0.053927898175751096,0.054401606019181176,0.054725721912054395,0.05542381768131978,0.05602218548354725,0.056271505401142036,0.05609698145882569,0.055972321500028295,0.05679507722809107,0.05729371706328064,0.05764276494791333,0.05751810498911594,0.0577923568984702,0.05729371706328064,0.05736851303855907,0.05749317299735646,0.05734358104679959,0.05759290096439437,0.05724385307976168,0.057044397145685856,0.05594738950826882,0.055573409631876645,0.055149565771965524,0.05542381768131978,0.05534902170604135,0.05497504182964917,0.054700789920294916,0.053927898175751096,0.05367857825815631,0.053553918299358926,0.054401606019181176,0.054700789920294916,0.054825449879092304,0.0541522861015864,0.0541522861015864,0.05422708207686483,0.05412735410982692,0.054700789920294916,0.054426538010940655,0.05420215008510535,0.05452626597797857,0.05407749012630796,0.05385310220047266,0.05370351024991579,0.05332953037352362,0.05377830622519423,0.053553918299358926,0.053578850291118404,0.05385310220047266,0.05430187805214327,0.05377830622519423,0.05420215008510535,0.0538032382169537,0.05465092593677596,0.055897525524749865,0.05544874967307926,0.05567313759891456,0.0556232736153956,0.055897525524749865,0.0556232736153956,0.05554847764011717,0.05564820560715508,0.05584766154123091,0.05567313759891456,0.0549501098378897,0.055224361747243954,0.05534902170604135,0.054800517887332825,0.05447640199445961,0.055124633780206045,0.055872593532990386,0.055573409631876645,0.05572300158243352,0.05582272954947143,0.0556232736153956,0.05594738950826882,0.05582272954947143,0.05659562129401525,0.05719398909624272,0.05686987320336951,0.056695349261053164,0.056745213244572115,0.0572189210880022,0.05734358104679959,0.05756796897263489,0.057443309013837505,0.057817288890229676,0.05759290096439437,0.05719398909624272,0.0572189210880022,0.057069329137445335,0.0569945331621669,0.05657068930225577,0.0569945331621669,0.05662055328577473,0.05711919312096429,0.05726878507152116,0.05672028125281264,0.057094261129204814,0.0569945331621669,0.057169057104483244,0.057094261129204814,0.056770145236331594,0.055598341623636124,0.05572300158243352,0.05537395369780082,0.055224361747243954,0.05554847764011717,0.0553988856895603,0.05577286556595247,0.05534902170604135,0.055897525524749865,0.056670417269293685,0.05749317299735646,0.057468241005596984,0.0577923568984702,0.057169057104483244,0.05657068930225577,0.05647096133521786,0.05612191345058517,0.05624657340938256,0.056321369384660994,0.056296437392901515,0.05649589332697734,0.0572189210880022,0.05682000921985055,0.05736851303855907,0.05854031665125454,0.05868990860181141,0.05851538465949506,0.058266064741900284,0.057468241005596984,0.05771756092319176,0.05724385307976168,0.056770145236331594,0.05719398909624272,0.057144125112723765,0.05652082531873682,0.057169057104483244,0.0572189210880022,0.05751810498911594,0.0580167448243055,0.057941948849027064,0.05878963656884932,0.05933814038755784,0.05926334441227941,0.059487732338114704,0.05996144018154479,0.05966225628043106,0.06023569209089905,0.06090885586840496,0.061307767736556606,0.06183133956350565,0.06125790375303765,0.06078419590960757,0.0604102160332154,0.060559807983772265,0.06060967196729122,0.05991157619802583,0.059786916239228445,0.059088820469963055,0.05829099673365976,0.057468241005596984,0.057842220881989155,0.057468241005596984,0.05799181283254602,0.0577923568984702,0.057443309013837505,0.05849045266773559,0.058340860717178714,0.05893922851940619,0.05923841242051993,0.059363072379317317,0.05913868445348201,0.059088820469963055,0.05891429652764671,0.05866497661005193,0.05819126876662185,0.05736851303855907,0.05736851303855907,0.05711919312096429,0.05734358104679959,0.057418377022078027,0.05756796897263489,0.05806660880782446,0.05811647279134341,0.05928827640403888,0.06031048806617748,0.06050994400025331,0.06083405989312653,0.06115817578599974,0.06208065948110043,0.062130523464619385,0.0624546393574926,0.06257929931628999,0.06272889126684686,0.06232997939869521,0.06178147557998669,0.062005863505822,0.06205572748934095,0.06190613553878408,0.06123297176127818,0.06128283574479713,0.06123297176127818,0.06150722367063243,0.061307767736556606,0.06113324379424026,0.061731611596467735,0.06110831180248078,0.06118310777775922,0.06158201964591087,0.06242970736573312,0.06255436732453051,0.06220531943989782,0.06237984338221417,0.0629034152091632,0.06385083089602338,0.06382589890426389,0.06464865463232668,0.06494783853344041,0.06464865463232668,0.06377603492074493,0.06417494678889658,0.06467358662408615,0.06412508280537763,0.06385083089602338,0.06257929931628999,0.06242970736573312,0.0624546393574926,0.06237984338221417,0.0626790272833279,0.06307793915147955,0.06275382325860633,0.06265409529156843,0.06287848321740373,0.06357657898666912,0.06477331459112406,0.06524702243455414,0.06594511820381953,0.06592018621206006,0.06567086629446527,0.06674294194012283,0.06726651376707186,0.06788981356105882,0.06813913347865361,0.06793967754457778,0.06716678580003396,0.06659334998956597,0.06589525422030057,0.06664321397308491,0.06686760189892021,0.06614457413789536,0.06634403007197118,0.06651855401428752,0.06654348600604701,0.06716678580003396,0.06771528961874247,0.06856297733856473,0.0688122972561595,0.0688122972561595,0.06965998497598176,0.06978464493477915,0.06953532501718437,0.07010876082765237,0.07105617651451254,0.0715548163497021,0.07145508838266419,0.07192879622609427,0.07322525979758714,0.07369896764101722,0.07320032780582765,0.07384855959157409,0.07482090727019373,0.0749704992207506,0.07526968312186433,0.07474611129491529,0.07554393503121859,0.07579325494881338,0.07492063523723164,0.07472117930315582,0.07534447909714277,0.07477104328667478,0.07502036320426955,0.07454665536083947,0.07469624731139633,0.07514502316306694,0.07499543121251008,0.07516995515482643,0.07586805092409181,0.07579325494881338,0.07606750685816763,0.07666587466039511,0.07606750685816763,0.07634175876752189,0.0762170988087245,0.07626696279224346,0.07716451449558467,0.0770149225450278,0.07708971852030623,0.07791247424836902,0.07778781428957163,0.07846097806707752,0.07923386981162135,0.07990703358912726,0.08055526537487369,0.08087938126774691,0.08142788508645542,0.08222570882275872,0.08329778446841628,0.08404574422120062,0.08516768385037714,0.08566632368556669,0.08581591563612356,0.08621482750427521,0.08636441945483209,0.08641428343835104,0.0860153715701994,0.08536713978445296,0.08526741181741504,0.08516768385037714,0.08479370397398496,0.0845194520646307,0.08469397600694704,0.08422026816351696,0.08374656032008689,0.0838462882871248,0.0840706762129601,0.08516768385037714,0.08501809189982026,0.08446958808111174,0.0850928878750987,0.08569125567732618,0.08559152771028826,0.08661373937242686,0.08776061099336285,0.08818445485327399,0.08788527095216024,0.08783540696864128,0.08858336672142564,0.08943105444124788,0.0895307824082858,0.08958064639180476,0.09085217797153813,0.09130095382320874,0.09145054577376562,0.09247275743590422,0.09327058117220752,0.09347003710628334,0.0939686769414729,0.09481636466129516,0.09511554856240889,